#(carId,StartTime,RoadId...)
(10000, 0, 15, 16, 17, 23, 29, 35)
(10001, 0, 16, 22, 28, 34)
(10002, 0, 7, 13, 19, 25, 31)
(10003, 0, 34, 28, 22, 16, 10, 9, 8, 7)
(10004, 0, 22, 16, 10, 4, 3, 2)
(10005, 0, 20, 14, 8, 2)
(10006, 0, 21, 15, 9, 3, 2)
(10007, 0, 23, 17, 11, 5, 4, 3, 2)
(10008, 0, 31, 25, 19, 13, 7, 1)
(10009, 0, 30, 24, 18, 12, 11, 10, 9, 8)
(10010, 0, 33, 27, 21, 15, 9, 3, 2)
(10011, 0, 15, 21, 27, 33)
(10012, 0, 21, 15, 9, 3, 2)
(10013, 0, 35, 29, 23, 17, 11, 12)
(10014, 0, 16, 17, 18, 24, 30, 36)
(10015, 0, 1, 2, 3, 4, 10, 16, 22, 28)
(10016, 0, 22, 16, 10, 4, 3, 2, 1)
(10017, 0, 9, 8, 14, 20, 26, 32)
(10018, 0, 13, 19, 25, 31)
(10019, 0, 15, 16, 17, 23, 29, 35)
(10020, 0, 27, 21, 15, 9, 3, 4, 5)
(10021, 0, 12, 11, 17, 23, 29, 35)
(10022, 0, 4, 5, 6, 12, 18, 24, 30)
(10023, 0, 21, 15, 9, 3, 2)
(10024, 0, 25, 19, 13, 7, 1, 2, 3, 4, 5)
(10025, 0, 35, 29, 23, 17, 16)
(10026, 0, 26, 20, 14, 8, 7)
(10027, 0, 18, 24, 30, 36)
(10028, 0, 4, 5, 11, 17, 23, 29, 35)
(10029, 0, 18, 24, 30, 36)
(10030, 0, 26, 20, 14, 8, 2)
(10031, 0, 32, 26, 20, 14, 8, 2, 3, 4, 5)
(10032, 0, 8, 9, 10, 16, 22, 28, 34)
(10033, 0, 33, 27, 21, 15, 9, 3, 4, 5, 6)
(10034, 0, 2, 3, 4, 5, 11, 17, 23)
(10035, 0, 1, 7, 13, 19)
(10036, 0, 7, 8, 14, 20, 26, 32)
(10037, 0, 19, 13, 7, 1)
(10038, 0, 35, 29, 23, 17, 11, 5, 6)
(10039, 0, 11, 12, 18, 24, 30, 36)
(10040, 0, 31, 25, 19, 13, 7, 1, 2, 3, 4, 5, 6)
(10041, 0, 16, 22, 28, 34)
(10042, 0, 31, 25, 19, 13, 7, 8, 9)
(10043, 0, 27, 21, 15, 9)
(10044, 0, 23, 17, 11, 5, 4, 3, 2)
(10045, 0, 2, 3, 4, 5, 11, 17, 23, 29)
(10046, 0, 22, 16, 10, 4, 3, 2, 1)
(10047, 0, 16, 22, 28, 34)
(10048, 0, 1, 7, 13, 19, 25, 31)
(10049, 0, 4, 5, 11, 17, 23)
(10050, 0, 15, 16, 22, 28, 34)
(10051, 0, 9, 10, 11, 12, 18, 24, 30)
(10052, 0, 14, 20, 26, 32)
(10053, 0, 9, 10, 11, 12, 18, 24, 30)
(10054, 0, 8, 9, 10, 11, 17, 23, 29, 35)
(10055, 0, 2, 3, 4, 10, 16, 22)
(10056, 0, 16, 17, 23, 29, 35)
(10057, 0, 31, 25, 19, 13, 7, 8, 9, 10)
(10058, 0, 24, 18, 12, 6, 5, 4)
(10059, 0, 4, 5, 11, 17, 23, 29)
(10060, 0, 14, 15, 16, 17, 18, 24, 30, 36)
(10061, 0, 12, 11, 10, 16, 22, 28, 34)
(10062, 0, 4, 10, 16, 22)
(10063, 0, 13, 14, 15, 21, 27, 33)
(10064, 0, 23, 17, 11, 5, 4, 3, 2, 1)
(10065, 0, 3, 2, 1, 7, 13, 19, 25, 31)
(10066, 0, 35, 29, 23, 17, 11, 10, 9, 8, 7)
(10067, 0, 18, 24, 30, 36)
(10068, 0, 6, 5, 4, 3, 9, 15, 21, 27, 33)
(10069, 0, 9, 8, 14, 20, 26, 32)
(10070, 0, 16, 17, 18, 24, 30, 36)
(10071, 0, 35, 29, 23, 17, 16)
(10072, 0, 34, 28, 22, 16, 10, 4, 3, 2)
(10073, 0, 23, 17, 11, 5, 4, 3, 2)
(10074, 0, 33, 27, 21, 15, 14)
(10075, 0, 17, 18, 24, 30, 36)
(10076, 0, 33, 27, 21, 15, 9, 3, 2)
(10077, 0, 3, 9, 15, 21, 27)
(10078, 0, 3, 2, 8, 14, 20, 26, 32)
(10079, 0, 15, 16, 22, 28, 34)
(10080, 0, 24, 18, 12, 6, 5, 4, 3, 2)
(10081, 0, 9, 10, 16, 22, 28)
(10082, 0, 27, 21, 15, 9, 3, 2, 1)
(10083, 0, 36, 30, 24, 18, 12, 6)
(10084, 0, 10, 11, 12, 18, 24, 30)
(10085, 0, 34, 28, 22, 16, 10, 11, 12)
(10086, 0, 25, 19, 13, 7, 1, 2, 3)
(10087, 0, 21, 15, 9, 3, 2, 1)
(10088, 0, 18, 24, 30, 36)
(10089, 0, 22, 16, 10, 4, 3)
(10090, 0, 4, 5, 11, 17, 23)
(10091, 0, 35, 29, 23, 17, 11, 5)
(10092, 0, 27, 21, 15, 9, 8, 7)
(10093, 0, 19, 13, 7, 1)
(10094, 0, 22, 16, 10, 4)
(10095, 0, 24, 18, 12, 6)
(10096, 0, 34, 28, 22, 16, 15, 14)
(10097, 0, 14, 15, 16, 17, 23, 29, 35)
(10098, 0, 12, 18, 24, 30)
(10099, 0, 36, 30, 24, 18, 12)
(10100, 0, 14, 20, 26, 32)
(10101, 0, 8, 7, 13, 19, 25, 31)
(10102, 0, 20, 14, 8, 2)
(10103, 0, 1, 2, 3, 4, 5, 6, 12, 18, 24, 30, 36)
(10104, 0, 9, 15, 21, 27, 33)
(10105, 0, 16, 17, 18, 24, 30, 36)
(10106, 0, 26, 20, 14, 8, 7)
(10107, 0, 5, 4, 3, 9, 15, 21, 27, 33)
(10108, 0, 25, 19, 13, 7)
(10109, 0, 14, 20, 26, 32)
(10110, 0, 11, 12, 18, 24, 30)
(10111, 0, 32, 26, 20, 14, 8, 9, 10)
(10112, 0, 17, 18, 24, 30, 36)
(10113, 0, 25, 19, 13, 7, 1, 2, 3, 4, 5)
(10114, 0, 7, 8, 9, 10, 11, 12, 18, 24, 30)
(10115, 0, 2, 8, 14, 20, 26)
(10116, 0, 28, 22, 16, 10, 4, 3, 2)
(10117, 0, 14, 15, 21, 27, 33)
(10118, 0, 7, 8, 14, 20, 26)
(10119, 0, 26, 20, 14, 8, 2, 1)
(10120, 0, 20, 14, 8, 2)
(10121, 0, 33, 27, 21, 15, 9, 8, 7)
(10122, 0, 8, 7, 13, 19, 25, 31)
(10123, 0, 35, 29, 23, 17, 11)
(10124, 0, 28, 22, 16, 10, 4, 5)
(10125, 0, 10, 11, 17, 23, 29, 35)
(10126, 0, 5, 11, 17, 23, 29, 35)
(10127, 0, 20, 14, 8, 2)
